//==================================================
// Developers by Pegasus
//==================================================
//===================================================================================================================================================================================================================================================================================>>
0
//===================================================================================================================================================================================================================================================================================>>
// ItemType	 ItemIndex	  Effect	Level 	Option   Sát Thương		Tăng SD		  		Tăng Máu	  Tăng Mana		  Phòng Thủ		  ST Hoàn Hảo 	  ST Chí Mạng 	    ST X2 	  Kháng ST X2		Kháng Loại Bỏ PT	Kháng Loại Bỏ SD	Kháng ST CHÍ Mạng	Kháng ST Hoàn Hảo  Giảm Sát Thương	Phản Hồi ST		  Exp       Time
//===================================================================================================================================================================================================================================================================================>>
//Wing 1
//ELF
	  12		 0			208		 11		  0			0		      0					   0			   0		    	0				0  		         0	    	   0			  0			         0				     2				     0			         0				    0			   0			  0          50000
	  12		 0			208		 12		  0			0		 	  0				       0			   0		        0				0  			     0			   0			  0			         2				     0				     0			         0				    0			   0			  0          50000
	  12		 0			208		 13		  0			0		 	  0				       0			   0		        0				0  			     0			   0			  0			         0				     0				     0			         2				    0			   0			  0          50000
	  12		 0			208		 14		  0			0		 	  0					   0			   0		    	0				0  			     0			   0			  2			         0				     0				     0			         0				    0			   0			  0          50000
	  12		 0			208		 15		  0			0		 	  0					   0			   0		    	0				0  			     0			   0			  0			         0				     0				     2			         0				    0			   0			  0          50000
//DW
	  12		 1			208		 11		  0			0		      0					   0			   0		    	0				0  		         0	    	   0			  0			         0				     2				     0			         0				    0			   0			  0          50000
	  12		 1			208		 12		  0			0		 	  0				       0			   0		        0				0  			     0			   0			  0			         2				     0				     0			         0				    0			   0			  0          50000
	  12		 1			208		 13		  0			0		 	  0				       0			   0		        0				0  			     0			   0			  0			         0				     0				     0			         2				    0			   0			  0          50000
	  12		 1			208		 14		  0			0		 	  0					   0			   0		    	0				0  			     0			   0			  2			         0				     0				     0			         0				    0			   0			  0          50000
	  12		 1			208		 15		  0			0		 	  0					   0			   0		    	0				0  			     0			   0			  0			         0				     0				     2			         0				    0			   0			  0          50000
//DK
	  12		 2			208		 11		  0			0		      0					   0			   0		    	0				0  		         0	    	   0			  0			         0				     2				     0			         0				    0			   0			  0          50000
	  12		 2			208		 12		  0			0		 	  0				       0			   0		        0				0  			     0			   0			  0			         2				     0				     0			         0				    0			   0			  0          50000
	  12		 2			208		 13		  0			0		 	  0				       0			   0		        0				0  			     0			   0			  0			         0				     0				     0			         2				    0			   0			  0          50000
	  12		 2			208		 14		  0			0		 	  0					   0			   0		    	0				0  			     0			   0			  2			         0				     0				     0			         0				    0			   0			  0          50000
	  12		 2			208		 15		  0			0		 	  0					   0			   0		    	0				0  			     0			   0			  0			         0				     0				     2			         0				    0			   0			  0          50000
//SM
	  12		 41			208		 11		  0			0		      0					   0			   0		    	0				0  		         0	    	   0			  0			         0				     2				     0			         0				    0			   0			  0          50000
	  12		 41			208		 12		  0			0		 	  0				       0			   0		        0				0  			     0			   0			  0			         2				     0				     0			         0				    0			   0			  0          50000
	  12		 41			208		 13		  0			0		 	  0				       0			   0		        0				0  			     0			   0			  0			         0				     0				     0			         2				    0			   0			  0          50000
	  12		 41			208		 14		  0			0		 	  0					   0			   0		    	0				0  			     0			   0			  2			         0				     0				     0			         0				    0			   0			  0          50000
	  12		 41			208		 15		  0			0		 	  0					   0			   0		    	0				0  			     0			   0			  0			         0				     0				     2			         0				    0			   0			  0          50000
//Wing 2
//ELF
	  12		 3			208		 11		  0			0		      0					   0			   0		    	0				0  		         0	    	   0			  0			         0				     6				     0			         0				    0			   0			  0          50000
	  12		 3			208		 12		  0			0		 	  0				       0			   0		        0				0  			     0			   0			  0			         6				     0				     0			         0				    0			   0			  0          50000
	  12		 3			208		 13		  0			0		 	  0				       0			   0		        0				0  			     0			   0			  0			         0				     0				     0			         6				    0			   0			  0          50000
	  12		 3			208		 14		  0			0		 	  0					   0			   0		    	0				0  			     0			   0			  6			         0				     0				     0			         0				    0			   0			  0          50000
	  12		 3			208		 15		  0			0		 	  0					   0			   0		    	0				0  			     0			   0			  0			         0				     0				     6			         0				    0			   0			  0          50000
//DW
	  12		 4			208		 11		  0			0		      0					   0			   0		    	0				0  		         0	    	   0			  0			         0				     6				     0			         0				    0			   0			  0          50000
	  12		 4			208		 12		  0			0		 	  0				       0			   0		        0				0  			     0			   0			  0			         6				     0				     0			         0				    0			   0			  0          50000
	  12		 4			208		 13		  0			0		 	  0				       0			   0		        0				0  			     0			   0			  0			         0				     0				     0			         6				    0			   0			  0          50000
	  12		 4			208		 14		  0			0		 	  0					   0			   0		    	0				0  			     0			   0			  6			         0				     0				     0			         0				    0			   0			  0          50000
	  12		 4			208		 15		  0			0		 	  0					   0			   0		    	0				0  			     0			   0			  0			         0				     0				     6			         0				    0			   0			  0          50000
//DK
	  12		 5			208		 11		  0			0		      0					   0			   0		    	0				0  		         0	    	   0			  0			         0				     6				     0			         0				    0			   0			  0          50000
	  12		 5			208		 12		  0			0		 	  0				       0			   0		        0				0  			     0			   0			  0			         6				     0				     0			         0				    0			   0			  0          50000
	  12		 5			208		 13		  0			0		 	  0				       0			   0		        0				0  			     0			   0			  0			         0				     0				     0			         6				    0			   0			  0          50000
	  12		 5			208		 14		  0			0		 	  0					   0			   0		    	0				0  			     0			   0			  6			         0				     0				     0			         0				    0			   0			  0          50000
	  12		 5			208		 15		  0			0		 	  0					   0			   0		    	0				0  			     0			   0			  0			         0				     0				     6			         0				    0			   0			  0          50000
//MG
	  12		 6			208		 11		  0			0		      0					   0			   0		    	0				0  		         0	    	   0			  0			         0				     6				     0			         0				    0			   0			  0          50000
	  12		 6			208		 12		  0			0		 	  0				       0			   0		        0				0  			     0			   0			  0			         6				     0				     0			         0				    0			   0			  0          50000
	  12		 6			208		 13		  0			0		 	  0				       0			   0		        0				0  			     0			   0			  0			         0				     0				     0			         6				    0			   0			  0          50000
	  12		 6			208		 14		  0			0		 	  0					   0			   0		    	0				0  			     0			   0			  6			         0				     0				     0			         0				    0			   0			  0          50000
	  12		 6			208		 15		  0			0		 	  0					   0			   0		    	0				0  			     0			   0			  0			         0				     0				     6			         0				    0			   0			  0          50000
//SM
	  12		 42			208		 11		  0			0		      0					   0			   0		    	0				0  		         0	    	   0			  0			         0				     6				     0			         0				    0			   0			  0          50000
	  12		 42			208		 12		  0			0		 	  0				       0			   0		        0				0  			     0			   0			  0			         6				     0				     0			         0				    0			   0			  0          50000
	  12		 42			208		 13		  0			0		 	  0				       0			   0		        0				0  			     0			   0			  0			         0				     0				     0			         6				    0			   0			  0          50000
	  12		 42			208		 14		  0			0		 	  0					   0			   0		    	0				0  			     0			   0			  6			         0				     0				     0			         0				    0			   0			  0          50000
	  12		 42			208		 15		  0			0		 	  0					   0			   0		    	0				0  			     0			   0			  0			         0				     0				     6			         0				    0			   0			  0          50000
//RF
	  12		 49			208		 11		  0			0		      0					   0			   0		    	0				0  		         0	    	   0			  0			         0				     6				     0			         0				    0			   0			  0          50000
	  12		 49			208		 12		  0			0		 	  0				       0			   0		        0				0  			     0			   0			  0			         6				     0				     0			         0				    0			   0			  0          50000
	  12		 49			208		 13		  0			0		 	  0				       0			   0		        0				0  			     0			   0			  0			         0				     0				     0			         6				    0			   0			  0          50000
	  12		 49			208		 14		  0			0		 	  0					   0			   0		    	0				0  			     0			   0			  6			         0				     0				     0			         0				    0			   0			  0          50000
	  12		 49			208		 15		  0			0		 	  0					   0			   0		    	0				0  			     0			   0			  0			         0				     0				     6			         0				    0			   0			  0          50000
//DL
	  13		 30			208		 11		  0			0		      0					   0			   0		    	0				0  		         0	    	   0			  0			         0				     6				     0			         0				    0			   0			  0          50000
	  13		 30			208		 12		  0			0		 	  0				       0			   0		        0				0  			     0			   0			  0			         6				     0				     0			         0				    0			   0			  0          50000
	  13		 30			208		 13		  0			0		 	  0				       0			   0		        0				0  			     0			   0			  0			         0				     0				     0			         6				    0			   0			  0          50000
	  13		 30			208		 14		  0			0		 	  0					   0			   0		    	0				0  			     0			   0			  6			         0				     0				     0			         0				    0			   0			  0          50000
	  13		 30			208		 15		  0			0		 	  0					   0			   0		    	0				0  			     0			   0			  0			         0				     0				     6			         0				    0			   0			  0          50000
//Wing 3
//DK
	  12		 36			208		 11		  0			0		      0					   0			   0		    	0				0  		         0	    	   0			  0			         0				     12				     0			         0				    0			   0			  0          50000
	  12		 36			208		 12		  0			0		 	  0				       0			   0		        0				0  			     0			   0			  0			         12				     0				     0			         0				    0			   0			  0          50000
	  12		 36			208		 13		  0			0		 	  0				       0			   0		        0				0  			     0			   0			  0			         0				     0				     0			         12				    0			   0			  0          50000
	  12		 36			208		 14		  0			0		 	  0					   0			   0		    	0				0  			     0			   0			  12			     0				     0				     0			         0				    0			   0			  0          50000
	  12		 36			208		 15		  0			0		 	  0					   0			   0		    	0				0  			     0			   0			  0			         0				     0				     12			         0				    0			   0			  0          50000
//DW
	  12		 37			208		 11		  0			0		      0					   0			   0		    	0				0  		         0	    	   0			  0			         0				     12				     0			         0				    0			   0			  0          50000
	  12		 37			208		 12		  0			0		 	  0				       0			   0		        0				0  			     0			   0			  0			         12				     0				     0			         0				    0			   0			  0          50000
	  12		 37			208		 13		  0			0		 	  0				       0			   0		        0				0  			     0			   0			  0			         0				     0				     0			         12				    0			   0			  0          50000
	  12		 37			208		 14		  0			0		 	  0					   0			   0		    	0				0  			     0			   0			  12			     0				     0				     0			         0				    0			   0			  0          50000
	  12		 37			208		 15		  0			0		 	  0					   0			   0		    	0				0  			     0			   0			  0			         0				     0				     12			         0				    0			   0			  0          50000
//ELF
	  12		 38			208		 11		  0			0		      0					   0			   0		    	0				0  		         0	    	   0			  0			         0				     12				     0			         0				    0			   0			  0          50000
	  12		 38			208		 12		  0			0		 	  0				       0			   0		        0				0  			     0			   0			  0			         12				     0				     0			         0				    0			   0			  0          50000
	  12		 38			208		 13		  0			0		 	  0				       0			   0		        0				0  			     0			   0			  0			         0				     0				     0			         12				    0			   0			  0          50000
	  12		 38			208		 14		  0			0		 	  0					   0			   0		    	0				0  			     0			   0			  12			     0				     0				     0			         0				    0			   0			  0          50000
	  12		 38			208		 15		  0			0		 	  0					   0			   0		    	0				0  			     0			   0			  0			         0				     0				     12			         0				    0			   0			  0          50000
//MG
	  12		 39			208		 11		  0			0		      0					   0			   0		    	0				0  		         0	    	   0			  0			         0				     12				     0			         0				    0			   0			  0          50000
	  12		 39			208		 12		  0			0		 	  0				       0			   0		        0				0  			     0			   0			  0			         12				     0				     0			         0				    0			   0			  0          50000
	  12		 39			208		 13		  0			0		 	  0				       0			   0		        0				0  			     0			   0			  0			         0				     0				     0			         12				    0			   0			  0          50000
	  12		 39			208		 14		  0			0		 	  0					   0			   0		    	0				0  			     0			   0			  12			     0				     0				     0			         0				    0			   0			  0          50000
	  12		 39			208		 15		  0			0		 	  0					   0			   0		    	0				0  			     0			   0			  0			         0				     0				     12			         0				    0			   0			  0          50000
//SM
	  12		 43			208		 11		  0			0		      0					   0			   0		    	0				0  		         0	    	   0			  0			         0				     12				     0			         0				    0			   0			  0          50000
	  12		 43			208		 12		  0			0		 	  0				       0			   0		        0				0  			     0			   0			  0			         12				     0				     0			         0				    0			   0			  0          50000
	  12		 43			208		 13		  0			0		 	  0				       0			   0		        0				0  			     0			   0			  0			         0				     0				     0			         12				    0			   0			  0          50000
	  12		 43			208		 14		  0			0		 	  0					   0			   0		    	0				0  			     0			   0			  12			     0				     0				     0			         0				    0			   0			  0          50000
	  12		 43			208		 15		  0			0		 	  0					   0			   0		    	0				0  			     0			   0			  0			         0				     0				     12			         0				    0			   0			  0          50000
//DL
	  12		 40			208		 11		  0			0		      0					   0			   0		    	0				0  		         0	    	   0			  0			         0				     12				     0			         0				    0			   0			  0          50000
	  12		 40			208		 12		  0			0		 	  0				       0			   0		        0				0  			     0			   0			  0			         12				     0				     0			         0				    0			   0			  0          50000
	  12		 40			208		 13		  0			0		 	  0				       0			   0		        0				0  			     0			   0			  0			         0				     0				     0			         12				    0			   0			  0          50000
	  12		 40			208		 14		  0			0		 	  0					   0			   0		    	0				0  			     0			   0			  12			     0				     0				     0			         0				    0			   0			  0          50000
	  12		 40			208		 15		  0			0		 	  0					   0			   0		    	0				0  			     0			   0			  0			         0				     0				     12			         0				    0			   0			  0          50000
//RF
	  12		 50			208		 11		  0			0		      0					   0			   0		    	0				0  		         0	    	   0			  0			         0				     12				     0			         0				    0			   0			  0          50000
	  12		 50			208		 12		  0			0		 	  0				       0			   0		        0				0  			     0			   0			  0			         12				     0				     0			         0				    0			   0			  0          50000
	  12		 50			208		 13		  0			0		 	  0				       0			   0		        0				0  			     0			   0			  0			         0				     0				     0			         12				    0			   0			  0          50000
	  12		 50			208		 14		  0			0		 	  0					   0			   0		    	0				0  			     0			   0			  12			     0				     0				     0			         0				    0			   0			  0          50000
	  12		 50			208		 15		  0			0		 	  0					   0			   0		    	0				0  			     0			   0			  0			         0				     0				     12			         0				    0			   0			  0          50000
//Wing 4
//DW
	  12		 156		208		 11		  0			0		      0					   0			   0		    	0				0  		         0	    	   0			  0			         0				     20				     0			         0				    0			   0			  0          50000
	  12		 156		208		 12		  0			0		 	  0				       0			   0		        0				0  			     0			   0			  0			         20				     0				     0			         0				    0			   0			  0          50000
	  12		 156		208		 13		  0			0		 	  0				       0			   0		        0				0  			     0			   0			  0			         0				     0				     0			         20				    0			   0			  0          50000
	  12		 156		208		 14		  0			0		 	  0					   0			   0		    	0				0  			     0			   0			  20			     0				     0				     0			         0				    0			   0			  0          50000
	  12		 156		208		 15		  0			0		 	  0					   0			   0		    	0				0  			     0			   0			  0			         0				     0				     20			         0				    0			   0			  0          50000
//DK
	  12		 157		208		 11		  0			0		      0					   0			   0		    	0				0  		         0	    	   0			  0			         0				     20				     0			         0				    0			   0			  0          50000
	  12		 157		208		 12		  0			0		 	  0				       0			   0		        0				0  			     0			   0			  0			         20				     0				     0			         0				    0			   0			  0          50000
	  12		 157		208		 13		  0			0		 	  0				       0			   0		        0				0  			     0			   0			  0			         0				     0				     0			         20				    0			   0			  0          50000
	  12		 157		208		 14		  0			0		 	  0					   0			   0		    	0				0  			     0			   0			  20			     0				     0				     0			         0				    0			   0			  0          50000
	  12		 157		208		 15		  0			0		 	  0					   0			   0		    	0				0  			     0			   0			  0			         0				     0				     20			         0				    0			   0			  0          50000
//ELF
	  12		 158		208		 11		  0			0		      0					   0			   0		    	0				0  		         0	    	   0			  0			         0				     20				     0			         0				    0			   0			  0          50000
	  12		 158		208		 12		  0			0		 	  0				       0			   0		        0				0  			     0			   0			  0			         20				     0				     0			         0				    0			   0			  0          50000
	  12		 158		208		 13		  0			0		 	  0				       0			   0		        0				0  			     0			   0			  0			         0				     0				     0			         20				    0			   0			  0          50000
	  12		 158		208		 14		  0			0		 	  0					   0			   0		    	0				0  			     0			   0			  20			     0				     0				     0			         0				    0			   0			  0          50000
	  12		 158		208		 15		  0			0		 	  0					   0			   0		    	0				0  			     0			   0			  0			         0				     0				     20			         0				    0			   0			  0          50000
//MG
	  12		 159		208		 11		  0			0		      0					   0			   0		    	0				0  		         0	    	   0			  0			         0				     20				     0			         0				    0			   0			  0          50000
	  12		 159		208		 12		  0			0		 	  0				       0			   0		        0				0  			     0			   0			  0			         20				     0				     0			         0				    0			   0			  0          50000
	  12		 159		208		 13		  0			0		 	  0				       0			   0		        0				0  			     0			   0			  0			         0				     0				     0			         20				    0			   0			  0          50000
	  12		 159		208		 14		  0			0		 	  0					   0			   0		    	0				0  			     0			   0			  20			     0				     0				     0			         0				    0			   0			  0          50000
	  12		 159		208		 15		  0			0		 	  0					   0			   0		    	0				0  			     0			   0			  0			         0				     0				     20			         0				    0			   0			  0          50000
//SM
	  12		 161		208		 11		  0			0		      0					   0			   0		    	0				0  		         0	    	   0			  0			         0				     20				     0			         0				    0			   0			  0          50000
	  12		 161		208		 12		  0			0		 	  0				       0			   0		        0				0  			     0			   0			  0			         20				     0				     0			         0				    0			   0			  0          50000
	  12		 161		208		 13		  0			0		 	  0				       0			   0		        0				0  			     0			   0			  0			         0				     0				     0			         20				    0			   0			  0          50000
	  12		 161		208		 14		  0			0		 	  0					   0			   0		    	0				0  			     0			   0			  20			     0				     0				     0			         0				    0			   0			  0          50000
	  12		 161		208		 15		  0			0		 	  0					   0			   0		    	0				0  			     0			   0			  0			         0				     0				     20			         0				    0			   0			  0          50000
//DL
	  12		 160		208		 11		  0			0		      0					   0			   0		    	0				0  		         0	    	   0			  0			         0				     20				     0			         0				    0			   0			  0          50000
	  12		 160		208		 12		  0			0		 	  0				       0			   0		        0				0  			     0			   0			  0			         20				     0				     0			         0				    0			   0			  0          50000
	  12		 160		208		 13		  0			0		 	  0				       0			   0		        0				0  			     0			   0			  0			         0				     0				     0			         20				    0			   0			  0          50000
	  12		 160		208		 14		  0			0		 	  0					   0			   0		    	0				0  			     0			   0			  20			     0				     0				     0			         0				    0			   0			  0          50000
	  12		 160		208		 15		  0			0		 	  0					   0			   0		    	0				0  			     0			   0			  0			         0				     0				     20			         0				    0			   0			  0          50000
//RF
	  12		 162		208		 11		  0			0		      0					   0			   0		    	0				0  		         0	    	   0			  0			         0				     20				     0			         0				    0			   0			  0          50000
	  12		 162		208		 12		  0			0		 	  0				       0			   0		        0				0  			     0			   0			  0			         20				     0				     0			         0				    0			   0			  0          50000
	  12		 162		208		 13		  0			0		 	  0				       0			   0		        0				0  			     0			   0			  0			         0				     0				     0			         20				    0			   0			  0          50000
	  12		 162		208		 14		  0			0		 	  0					   0			   0		    	0				0  			     0			   0			  20			     0				     0				     0			         0				    0			   0			  0          50000
	  12		 162		208		 15		  0			0		 	  0					   0			   0		    	0				0  			     0			   0			  0			         0				     0				     20			         0				    0			   0			  0          50000



end