//------------------------------------------------------------------------------
// Developer Project: takumi12 
// Developer System: Kind
//------------------------------------------------------------------------------
// Item Start
//------------------------------------------------------------------------------
// Descripcion: Paquete de bienvenida para nuevos jugadores.
// -----------------------------------------------------------------------------
// Class: 0 = Dark Wizard
// Class: 1 = Dark Knight
// Class: 2 = Muse Elf
// Class: 3 = Magic Gladiator
// Class: 4 = Dark Lord
// Class: 5 = Summoner
// Class: 6 = Rage Fighter
// ------------------------------------------------------------------------------
//0 1 2 3 4 5		Socket Fire          +50
//10 11 12 13 14	Socket Agua          +50
//16 17 18 19 20	Socket Ice           +50
//21 22 23 24 25 26	Socket Wing          +50
//29 30 31 32		Socket Electricidad  +50
//36			Socket Tierra        +50
// Type: Skill Buff [1] || Buff Ticket [0]
0
//Class	       Type	       Index  Level   Dur   Skill   Luck   Option   ExcOp     SetOp    JoH OEx	  Socket1     Socket2        Socket3	      Socket4	      Socket5  Time
0		7		52     15      1     0	     1	    7	     63		0       0   0       210		222		212		213		214	365
0		8		52     15      1     0	     1	    7	     63		0       0   0       210		222		212		213		214	365
0		9		52     15      1     0	     1	    7	     63		0       0   0       210		222		212		213		214	365
0		10		52     15      1     0	     1	    7	     63		0       0   0       210		222		212		213		236	365
0		11		52     15      1     0	     1	    7	     63		0       0   0       210		222		212		213		236	365
0		5		31     15      1     1	     1	    7	     63		0       0   0       200		204		218		230		232	365
0		6		20     15      1     1	     1	    7	     63		0       0   0       200		204		218		230		232	365
0		12		37     15      1     1	     1	    7	     63		0       0   0       255		255		255		255		255	365


1		7		7      15      1     0	     1	    7	     63		0       0   0       210		222		212		213		214	365
1		8		7      15      1     0	     1	    7	     63		0       0   0       210		222		212		213		214	365
1		9		7      15      1     0	     1	    7	     63		0       0   0       210		222		212		213		214	365
1		10		7      15      1     0	     1	    7	     63		0       0   0       210		222		212		213		236	365
1		11		7      15      1     0	     1	    7	     63		0       0   0       210		222		212		213		236	365
1		0		7      15      1     1	     1	    7	     63		0       0   0       200		204		218		230		232	365
1		6		7      15      1     1	     1	    7	     63		0       0   0       200		204		218		230		232	365
1		12		7      15      1     1	     1	    7	     63		0       0   0       255		255		255		255		255	365

2		7		49     15      1     0	     1	    7	     63		0       0   0       210		222		212		213		214	365
2		8		49     15      1     0	     1	    7	     63		0       0   0       210		222		212		213		214	365
2		9		49     15      1     0	     1	    7	     63		0       0   0       210		222		212		213		214	365
2		10		49     15      1     0	     1	    7	     63		0       0   0       210		222		212		213		236	365
2		11		49     15      1     0	     1	    7	     63		0       0   0       210		222		212		213		236	365
2		4		24     15      1     1	     1	    7	     63		0       0   0       200		204		218		230		232	365
2		12		38     15      1     1	     1	    7	     63		0       0   0       255		255		255		255		255	365

3		8		48     15      1     0	     1	    7	     63		0       0   0       210		222		212		213		214	365
3		9		48     15      1     0	     1	    7	     63		0       0   0       210		222		212		213		214	365
3		10		48     15      1     0	     1	    7	     63		0       0   0       210		222		212		213		214	365
3		11		48     15      1     0	     1	    7	     63		0       0   0       210		222		212		213		236	365
3		0		28     15      1     1	     1	    7	     63		0       0   0       200		204		218		230		232	365
3		0		28     15      1     1	     1	    7	     63		0       0   0       200		204		218		230		232	365
3		12		39     15      1     1	     1	    7	     63		0       0   0       255		255		255		255		255	365

4		7		51     15      1     0	     1	    7	     63		0       0   0       210		222		212		213		214	365
4		8		51     15      1     0	     1	    7	     63		0       0   0       210		222		212		213		214	365
4		9		51     15      1     0	     1	    7	     63		0       0   0       210		222		212		213		214	365
4		10		51     15      1     0	     1	    7	     63		0       0   0       210		222		212		213		236	365
4		11		51     15      1     0	     1	    7	     63		0       0   0       210		222		212		213		236	365
4		2		17     15      1     1	     1	    7	     63		0       0   0       200		204		218		230		232	365
4		6		18     15      1     1	     1	    7	     63		0       0   0       200		204		218		230		232	365
4		12		40     15      1     1	     1	    7	     63		0       0   0       255		255		255		255		255	365

5		7		53     15      1     0	     1	    7	     63		0       0   0       210		222		212		213		214	365
5		8		53     15      1     0	     1	    7	     63		0       0   0       210		222		212		213		214	365
5		9		53     15      1     0	     1	    7	     63		0       0   0       210		222		212		213		214	365
5		10		53     15      1     0	     1	    7	     63		0       0   0       210		222		212		213		236	365
5		11		53     15      1     0	     1	    7	     63		0       0   0       210		222		212		213		236	365
5		5		23     15      1     1	     1	    7	     63		0       0   0       200		204		218		230		232	365
5		5		34     15      1     1	     1	    7	     63		0       0   0       200		204		218		230		232	365
5		12		43     15      1     1	     1	    7	     63		0       0   0       255		255		255		255		255	365

6		7		73     15      1     0	     1	    7	     63		0       0   0       210		222		212		213		214	365
6		8		73     15      1     0	     1	    7	     63		0       0   0       210		222		212		213		214	365
6		9		73     15      1     0	     1	    7	     63		0       0   0       210		222		212		213		214	365
6		11		73     15      1     0	     1	    7	     63		0       0   0       210		222		212		213		236	365
6		0		35     15      1     1	     1	    7	     63		0       0   0       200		204		218		230		232	365
6		0		35     15      1     1	     1	    7	     63		0       0   0       200		204		218		230		232	365
6		12		49     15      1     1	     1	    7	     63		0       0   0       255		255		255		255		255	365


end

1
//class	Type	Effect	Power1	Power2	Time
0		0		46		30		0		86400
0		0		45		30		0		86400
0		1		3		30		0		86400
1		0		46		30		0		86400
1		0		45		30		0		86400
1		1		3		30		0		1800
end