// FILES PREMIUN SYSTEM ItemTRSData.bmd
//=====================================================
// Proyect: GamingMU Season 6 - Mu Online
// Developer: MasterCodex
// Last review: 07.03.2020
//=====================================================
// ItemTRSData config file
// MaxLineCount: 1000;
//=============================================================================================================
//ItemIndex	TranslationX	TranslationY	RotationX	RotationY	RotationZ	Scale	Commnet
//=============================================================================================================
//Wing 1 2 3 4
6145		 -0.01			 0.05			  270.0		-10.0		000.0		0.6	// Wing 1 DW
6146		 -0.01			 0.00			  270.0		-10.0		000.0		0.6	// Wing 1 DK-MG
6185		  0.00			 0.00			  270.0		-10.0		000.0		0.7	// Wing 1 SM

6147		  0.00			 0.00			  270.0		-10.0		000.0		0.7	// Wing 2 ELF
6148		  0.00			 0.00			  270.0		-10.0		000.0		0.7	// Wing 2 DW
6149		  0.00			 0.03			  270.0		-10.0		000.0		0.9	// Wing 2 DK
6150		  0.00			 0.00			  270.0		-10.0		000.0		0.9	// Wing 2 MG
6186		  0.00			 0.03			  270.0		-10.0		000.0		0.8	// Wing 2 SM
6193		  0.00			 0.03			  270.0		-10.0		000.0		1.0	// Wing 2 RF

6180		  0.00			 -0.03			  270.0		-10.0		000.0		0.9	// Wing 3 DK
6181		  0.00			  0.03			  270.0		-10.0		000.0		0.8	// Wing 3 DW
6182		  0.00			  0.03			  270.0		-10.0		000.0		0.8	// Wing 3 ELF
6183		  0.00			  0.03			  270.0		-10.0		000.0		1.0	// Wing 3 MG
6187		  0.00			  0.00			  270.0		-10.0		000.0		0.8	// Wing 3 SM

6300		  0.00			  0.03		      270.0		-10.0		000.0		0.9	// Wing 4 DW
6301		  0.00			  0.01		      270.0		-10.0		000.0		0.9	// Wing 4 DK
6302		  0.00			  0.02		      270.0		-10.0		000.0		0.9	// Wing 4 DK
6305		  0.00			  0.02		      270.0		-10.0		000.0		1.0	// Wing 4 SM

//Set 0
4096          0.00 		      -0.07		270		    0.0	        0.0		1.10 // áo	
//Set 1
3585          -0.01 		   0.01		270		    0.0	        0.0		1.10 // mũ	
4097          0.01 		      -0.02		270		    0.0	        0.0		0.8 // áo	
//Set 5
3589          0.00 		       0.01		270		    0.0	        0.0		1.0 // mũ	
4101          0.01 		      -0.01		270		    0.0	        0.0		0.9 // áo	
4613          0.00 		      -0.02		270		    0.0	        0.0		1.0 // quần	
//Set 7
3591           0.00 		       0.01		270		    0.0	        0.0		1.0 // mũ	
4103           0.01 		      -0.05		270		    0.0	        0.0		1.0 // áo	
4615           0.00 		      -0.02		270		    0.0	        0.0		1.0 // quần	
//Set 9
4105           0.01 		      -0.01		270		    0.0	        0.0		0.9 // áo	
//Set 10
4106            0.01 		       -0.05		270		    0.0	        0.0		1.0 // áo	
4618            0.00 		        0.00		270		    0.0	        0.0		1.0 // quần	
//Set 11
4107            0.01 		       -0.06		270		    0.0	        0.0		1.0 // áo	
4619            0.00 		        0.01		270		    0.0	        0.0		0.9 // quần	
//Set 12
4108            0.01 		       -0.06		270		    0.0	        0.0		1.0 // áo	
4620            0.00 		       -0.03		270		    0.0	        0.0		1.0 // quần	
//Set 13
4109            0.01 		       -0.06		270		    0.0	        0.0		1.0 // áo
//Set 14
3598           0.00 		       0.06		270		    0.0	        0.0		0.9 // mũ	
4110           0.00 		      -0.05		270		    0.0	        0.0		1.0 // áo	
//Set 15
4111           0.00 		       0.02		270		    0.0	        0.0		0.8 // áo	
//Set 16
3600          -0.01 		   0.01		270		    0.0	        0.0		1.10 // mũ	
4112           0.01 		  -0.02		270		    0.0	        0.0		0.8 // áo	
4624           0.00 		  -0.03		270		    0.0	        0.0		1.0 // quần	
//Set 17
3601          -0.01 		    0.01		270		    0.0	        0.0		1.10 // mũ	
4113           0.01 		   -0.02		270		    0.0	        0.0		0.8 // áo	
5649           0.00 		    0.01		270		    0.0	        0.0		0.9 // giày
//Set 18
4114             0.01 		       -0.07		270		    0.0	        0.0		0.9 // áo	
4626             0.00 		        0.03		270		    0.0	        0.0		0.9 // quần	
//Set 19
3603            0.00 		       0.06		270		    0.0	        0.0		0.9 // mũ	
4115            0.00 		      -0.06		270		    0.0	        0.0		1.0 // áo	
//Set 20
4116            0.00 		      -0.02		270		    0.0	        0.0		0.9 // áo	
//Set 21
3605           -0.01 		   0.01		270		    0.0	        0.0		1.10 // mũ	
4117           0.01 		      -0.02		270		    0.0	        0.0		0.8 // áo
5653            0.00 		    0.01		270		    0.0	        0.0		0.9 // giày
//Set 22
4118            0.00 		       -0.06		270		    0.0	        0.0		0.8 // áo
//Set 23
4119             0.00 		      -0.04		270		    0.0	        0.0		0.9 // áo
//Set 24
3608            -0.01 		   0.06		270		    0.0	        0.0		0.9 // mũ	
4120             0.01 		  -0.06		270		    0.0	        0.0		1.0 // áo	
5656             0.00 		    0.01		270		    0.0	        0.0		0.9 // giày
//Set 25
4121             0.00 		      -0.02		270		    0.0	        0.0		0.8 // áo
//Set 26
4122             0.00 		      -0.02		270		    0.0	        0.0		0.8 // áo
5658             0.00 		    0.01		270		    0.0	        0.0		0.9 // giày
//Set 27
4123             0.00 		      -0.02		270		    0.0	        0.0		0.8 // áo
5659             0.00 		    0.01		270		    0.0	        0.0		0.9 // giày
//Set 28
4124             0.00 		      -0.02		270		    0.0	        0.0		0.8 // áo
5660             0.00 		    0.01		270		    0.0	        0.0		0.9 // giày
//Set 29
4125             0.00 		      -0.02		270		    0.0	        0.0		0.8 // áo
5661             0.00 		    0.01		270		    0.0	        0.0		0.9 // giày
//Set 30
4126             0.00 		    0.00		270		    0.0	        0.0		0.7 // áo
5662             0.00 		    0.01		270		    0.0	        0.0		0.9 // giày
//Set 31
3615              0.00 		     0.05		270		    0.0	        0.0		0.7 // mũ
4127              0.00 		    -0.05		270		    0.0	        0.0		1.0 // áo
5663              0.00 		    -0.01		270		    0.0	        0.0		0.8 // giày
//Set 32
4128              0.00 		    -0.02		270		    0.0	        0.0		0.8 // áo
5664              0.00 		    0.01		270		    0.0	        0.0		0.9 // giày
//Set 33
4129              0.00 		   -0.02		270		    0.0	        0.0		0.8 // áo
5665              0.00 		    0.01		270		    0.0	        0.0		0.9 // giày
4641              0.00 		   -0.05		270		    0.0	        0.0		1.0 // quần	
//Set 34
4130               0.00 		0.02		270		    0.0	        0.0		0.8 // áo
//Set 35
4131               0.00 		0.02		270		    0.0	        0.0		0.8 // áo
//Set 36
3620               -0.01 		0.05		270		    0.0	        0.0		1.0 // mũ
4132               0.00 	   -0.08		270		    0.0	        0.0		1.0 // áo
4644               0.00 	   -0.05		270		    0.0	        0.0		1.0 // quần
5668               0.00 	    0.01		270		    0.0	        0.0		0.8 // giày
//Set 37
4133               0.00 		-0.09		270		    0.0	        0.0		1.0 // áo
//Set 38
4646               0.00 		   -0.03		270		    0.0	        0.0		1.0 // quần	
//Set 45
4141                0.00 		-0.06		270		    0.0	        0.0		1.0 // áo
//Set 46
4142                0.00 		-0.07		270		    0.0	        0.0		1.0 // áo
//Set 47
4143                0.00 		-0.07		270		    0.0	        0.0		1.0 // áo
//Set 48
4144                 0.00 		-0.07		270		    0.0	        0.0		1.0 // áo
4656                 0.00 		 0.00		270		    0.0	        0.0		0.9 // quần
//Set 50
4146                  0.00 		-0.07		270		    0.0	        0.0		1.0 // áo
//Set 51
4147                  0.00 		-0.07		270		    0.0	        0.0		1.0 // áo
4659                   0.00 	    0.01		270		    0.0	        0.0		0.8 // quần
//Set 52
4148                  0.00 		-0.07		270		    0.0	        0.0		1.0 // áo
4660                  0.00 		 0.02		270		    0.0	        0.0		0.8 // quần
//Set 53
4149                  0.00 		-0.07		270		    0.0	        0.0		1.0 // áo
//Set 73
4169                    0.00 		-0.07		270		    0.0	        0.0		1.0 // áo
//Set 77
4173                    0.00 		-0.07		270		    0.0	        0.0		1.0 // áo
end