/////////////////////////////////////////////////////////////////////////////
//Shop tạo bởi GoldMU.Net [Shop Editor]
//SDT: 0987 819 266
///////////////////////////
//Shop: 000 - Hanzo the Blacksmith
/////////////////////////////////////////////////////////////////////////////
//Group	Index	Level	Dur		Skill	Luck	Option	ExcOpt	Anc		JoH		Oex		Socket1	Socket2	Socket3	Socket4	Socket5	ItemName
/////////////////////////////////////////////////////////////////////////////
//

7 	0 	0	0 	0 	1 	0  	0  	0	0	0	255	255	255	255	255		
7 	1 	0 	0 	0 	1 	0  	0  	0	0	0	255	255	255	255	255		
7 	6 	0 	0 	0 	1 	0  	0  	0	0	0	255	255	255	255	255		
7 	5 	0 	0 	0 	1 	0  	0  	0	0	0	255	255	255	255	255		

8 	0 	0 	0 	0 	1 	0  	0  	0	0	0	255	255	255	255	255		
8 	1 	0 	0 	0 	1 	0  	0  	0	0	0	255	255	255	255	255		
8 	6 	0 	0 	0 	1 	0  	0  	0	0	0	255	255	255	255	255		
8 	5 	0 	0 	0 	1 	0  	0  	0	0	0	255	255	255	255	255		

9 	0 	0 	0 	0 	1	0  	0  	0	0	0	255	255	255	255	255		
9 	1 	0 	0 	0 	1 	0  	0  	0	0	0	255	255	255	255	255	
9 	6 	0 	0 	0 	1 	0  	0  	0	0	0	255	255	255	255	255		
9 	5 	0 	0 	0 	1 	0  	0  	0	0	0	255	255	255	255	255		
	
10 	0 	0 	0 	0 	1 	0  	0  	0	0	0	255	255	255	255	255		
10 	1 	0	0 	0 	1 	0  	0  	0	0	0	255	255	255	255	255	
10 	6 	0 	0 	0 	1 	0  	0  	0	0	0	255	255	255	255	255		
10 	5 	0 	0 	0 	1 	0  	0  	0	0	0	255	255	255	255	255		
	
11 	0 	0	0 	0 	1 	0  	0  	0	0	0	255	255	255	255	255		
11 	5 	0 	0 	0 	1 	0  	0  	0	0	0	255	255	255	255	255		
11 	6 	0 	0 	0 	1 	0  	0  	0	0	0	255	255	255	255	255		
11 	5	0 	0 	0 	1 	0  	0  	0	0	0	255	255	255	255	255		


6		13		0		0		0		1		0		0		0		0		0		255		255		255		255		255		//Khiên Hỏa Long

12		7		0		0		0		1		0		0		0		0		0		255		255		255		255		255		//Ngọc Chém Xoáy
12		12		0		0		0		1		0		0		0		0		0		255		255		255		255		255		//Ngọc Địa Chấn
12		13		0		0		0		1		0		0		0		0		0		255		255		255		255		255		//Ngọc Đâm Xoáy
12		44		0		0		0		1		0		0		0		0		0		255		255		255		255		255		//Ngọc Chém Băng

12		19		0		0		0		1		0		0		0		0		0		255		255		255		255		255		//Ngọc Đâm Gió
12		14		0		0		0		1		0		0		0		0		0		255		255		255		255		255		//Ngọc Tăng Lượng Máu
14		3		0		255		0		0		0		0		0		0		0		255		255		255		255		255		//Bình Máu To
14		6		0		255		0		0		0		0		0		0		0		255		255		255		255		255		//Bình Phép To


0		14		0		0		1		1		0		0		0		0		0		255		255		255		255		255		//Kiếm Điện
0		13		0		0		1		1		0		0		0		0		0		255		255		255		255		255		//Hỏa Đao
end
