///////////////////////////
//Shop DW
/////////////////////////////////////////////////////////////////////////////
//Group	Index	Level	Dur		Skill	Luck	Option	ExcOpt	Anc		JoH		Oex		Socket1	Socket2	Socket3	Socket4	Socket5	ItemName
/////////////////////////////////////////////////////////////////////////////
//
7 	4 	0	0 	0 	1 	0  	0  	0	0	0	255	255	255	255	255		
7 	3 	0 	0 	0 	1 	0  	0  	0	0	0	255	255	255	255	255		
7 	7 	0 	0 	0 	1 	0  	0  	0	0	0	255	255	255	255	255		
7 	2 	0 	0 	0 	1 	0  	0  	0	0	0	255	255	255	255	255		

8 	4 	0 	0 	0 	1 	0  	0  	0	0	0	255	255	255	255	255		
8 	3 	0 	0 	0 	1 	0  	0  	0	0	0	255	255	255	255	255		
8 	7 	0 	0 	0 	1 	0  	0  	0	0	0	255	255	255	255	255		
8 	2 	0 	0 	0 	1 	0  	0  	0	0	0	255	255	255	255	255		

9 	4 	0 	0 	0 	1	0  	0  	0	0	0	255	255	255	255	255		
9 	3 	0 	0 	0 	1 	0  	0  	0	0	0	255	255	255	255	255	
9 	7 	0 	0 	0 	1 	0  	0  	0	0	0	255	255	255	255	255		
9 	2 	0 	0 	0 	1 	0  	0  	0	0	0	255	255	255	255	255		
	
10 	4 	0 	0 	0 	1 	0  	0  	0	0	0	255	255	255	255	255		
10 	5 	0	0 	0 	1 	0  	0  	0	0	0	255	255	255	255	255	
10 	7 	0 	0 	0 	1 	0  	0  	0	0	0	255	255	255	255	255		
10 	2 	0 	0 	0 	1 	0  	0  	0	0	0	255	255	255	255	255		
	
11 	4 	0	0 	0 	1 	0  	0  	0	0	0	255	255	255	255	255		
11 	3 	0 	0 	0 	1 	0  	0  	0	0	0	255	255	255	255	255		
11 	7 	0 	0 	0 	1 	0  	0  	0	0	0	255	255	255	255	255		
11 	2 	0 	0 	0 	1 	0  	0  	0	0	0	255	255	255	255	255	




15		0		0		0		0		0		0		0		0		0		0		255		255		255		255		255		//Sách Phóng Độc
15		4		0		0		0		0		0		0		0		0		0		255		255		255		255		255		//Sách Cột Lửa
15		5		0		0		0		0		0		0		0		0		0		255		255		255		255		255		//Di Chuyển Tức Thời
15		6		0		0		0		0		0		0		0		0		0		255		255		255		255		255		//Sách Đóng Băng
15		7		0		0		0		0		0		0		0		0		0		255		255		255		255		255		//Sách Lốc Xoáy
15		8		0		0		0		0		0		0		0		0		0		255		255		255		255		255		//Triệu Tập Linh Hồn
15		9		0		0		0		0		0		0		0		0		0		255		255		255		255		255		//Sách Lửa Địa Ngục
15		11		0		0		0		0		0		0		0		0		0		255		255		255		255		255		//Sách Luồng Nước Xanh
15		13		0		0		0		0		0		0		0		0		0		255		255		255		255		255		//Sách Vòng Tròn Lửa
15		14		0		0		0		0		0		0		0		0		0		255		255		255		255		255		//Di Chuyển Nhân Vật
15		15		0		0		0		0		0		0		0		0		0		255		255		255		255		255		//Vòng Tròn Năng Lượng
15		16		0		0		0		0		0		0		0		0		0		255		255		255		255		255		//Sách Mưa Độc Tố
15		17		0		0		0		0		0		0		0		0		0		255		255		255		255		255		//Sách Mưa Băng Tuyết
15		18		0		0		0		0		0		0		0		0		0		255		255		255		255		255		//Sách Nova
15		28		0		0		0		0		0		0		0		0		0		255		255		255		255		255		//Sách Tăng Ma Lực
15		12		0		0		0		0		0		0		0		0		0		255		255		255		255		255		//Sách Sao Băng
end
