//Section   Type   Level   Dur   Skill   Luck   Option   ExcOp	SetOp	JoH	OEx	Socket1	Socket2	Socket3	Socket4	Socket5
////////////////////////////////////////////////////////////////////////////////
14		3		0		255		0		0		0		0		0		0		0		255		255		255		255		255		//Bình Máu To
14		6		0		255		0		0		0		0		0		0		0		255		255		255		255		255		//Bình Phép To
14		8		0		255		0		0		0		0		0		0		0		255		255		255		255		255		//Liều Giải Độc
13		0		0		0		0		0		0		0		0		0		0		255		255		255		255		255		//Thần Hộ Mệnh
13		1		0		0		0		0		0		0		0		0		0		255		255		255		255		255		//Tiểu Quỷ
13		2		0		0		0		0		0		0		0		0		0		255		255		255		255		255		//Kỳ Lân
14		10		0		0		0		0		0		0		0		0		0		255		255		255		255		255		//Bùa Về Thành

end