//Section   Type   Level   Dur   Skill   Luck   Option   ExcOp	SetOp	JoH	OEx	Socket1	Socket2	Socket3	Socket4	Socket5
// SHOP MG
////////////////////////////////////////////////////////////////////////////////
7 	0 	0	0 	0 	1 	0  	0  	0	0	0	255	255	255	255	255		
7 	5 	0 	0 	0 	1 	0  	0  	0	0	0	255	255	255	255	255		
7 	6 	0 	0 	0 	1 	0  	0  	0	0	0	255	255	255	255	255		
7 	2 	0 	0 	0 	1 	0  	0  	0	0	0	255	255	255	255	255		

8 	0 	0 	0 	0 	1 	0  	0  	0	0	0	255	255	255	255	255		
8 	5 	0 	0 	0 	1 	0  	0  	0	0	0	255	255	255	255	255		
8 	6 	0 	0 	0 	1 	0  	0  	0	0	0	255	255	255	255	255		
8 	2 	0 	0 	0 	1 	0  	0  	0	0	0	255	255	255	255	255		

9 	0 	0 	0 	0 	1	0  	0  	0	0	0	255	255	255	255	255		
9 	5 	0 	0 	0 	1 	0  	0  	0	0	0	255	255	255	255	255	
9 	6 	0 	0 	0 	1 	0  	0  	0	0	0	255	255	255	255	255		
9 	2 	0 	0 	0 	1 	0  	0  	0	0	0	255	255	255	255	255		
	
10 	0 	0 	0 	0 	1 	0  	0  	0	0	0	255	255	255	255	255		
10 	5 	0	0 	0 	1 	0  	0  	0	0	0	255	255	255	255	255	
10 	6 	0 	0 	0 	1 	0  	0  	0	0	0	255	255	255	255	255		
10 	2 	0 	0 	0 	1 	0  	0  	0	0	0	255	255	255	255	255		
	
11 	0 	0	0 	0 	1 	0  	0  	0	0	0	255	255	255	255	255		
11 	5 	0 	0 	0 	1 	0  	0  	0	0	0	255	255	255	255	255		
11 	6 	0 	0 	0 	1 	0  	0  	0	0	0	255	255	255	255	255		
11 	2 	0 	0 	0 	1 	0  	0  	0	0	0	255	255	255	255	255		

6		14		0		0		1		1		0		0		0		0		0		255		255		255		255		255		//Gậy Phục Sinh
5		5		0		0		1		1		0		0		0		0		0		255		255		255		255		255		//Gậy Ma Thuật
5		6		0		0		1		1		0		0		0		0		0		255		255		255		255		255		//Gậy Phục Sinh
		
0 	3 	0 	0 	0 	1 	0  	0  	0	0	0	255	255	255	255	255		
0 	4 	0 	0 	0 	1 	0  	0  	0	0	0	255	255	255	255	255		
0 	5 	0 	0 	0 	1 	0  	0  	0	0	0	255	255	255	255	255		
6 	0 	0 	0 	0 	1 	0  	0  	0	0	0	255	255	255	255	255		


15		29		0		0		0		0		0		0		0		0		0		255		255		255		255		255		
12		16		0		0		0		0		0		0		0		0		0		255		255		255		255		255		
12		13		0		0		0		0		0		0		0		0		0		255		255		255		255		255		
12		47		0		0		0		0		0		0		0		0		0		255		255		255		255		255		
14		3		0		255		0		0		0		0		0		0		0		255		255		255		255		255		//Bình Máu To
14		6		0		255		0		0		0		0		0		0		0		255		255		255		255		255		//Bình Phép To
end