//Section   Type   Level   Dur   Skill   Luck   Option   ExcOp	SetOp	JoH	OEx	Socket1	Socket2	Socket3	Socket4	Socket5
// SHOP DL
////////////////////////////////////////////////////////////////////////////////
7 	0 	0	0 	0 	1 	0  	0  	0	0	0	255	255	255	255	255		
7 	5 	0 	0 	0 	1 	0  	0  	0	0	0	255	255	255	255	255		
7 	6 	0 	0 	0 	1 	0  	0  	0	0	0	255	255	255	255	255		
7 	25 	0 	0 	0 	1 	0  	0  	0	0	0	255	255	255	255	255		

8 	0 	0 	0 	0 	1 	0  	0  	0	0	0	255	255	255	255	255		
8 	5 	0 	0 	0 	1 	0  	0  	0	0	0	255	255	255	255	255		
8 	6 	0 	0 	0 	1 	0  	0  	0	0	0	255	255	255	255	255		
8 	25 	0 	0 	0 	1 	0  	0  	0	0	0	255	255	255	255	255		

9 	0 	0 	0 	0 	1	0  	0  	0	0	0	255	255	255	255	255		
9 	5 	0 	0 	0 	1 	0  	0  	0	0	0	255	255	255	255	255	
9 	6 	0 	0 	0 	1 	0  	0  	0	0	0	255	255	255	255	255		
9 	25 	0 	0 	0 	1 	0  	0  	0	0	0	255	255	255	255	255		
	
10 	0 	0 	0 	0 	1 	0  	0  	0	0	0	255	255	255	255	255		
10 	5 	0	0 	0 	1 	0  	0  	0	0	0	255	255	255	255	255	
10 	6 	0 	0 	0 	1 	0  	0  	0	0	0	255	255	255	255	255		
10 	25 	0 	0 	0 	1 	0  	0  	0	0	0	255	255	255	255	255		
	
11 	0 	0	0 	0 	1 	0  	0  	0	0	0	255	255	255	255	255		
11 	5 	0 	0 	0 	1 	0  	0  	0	0	0	255	255	255	255	255		
11 	6 	0 	0 	0 	1 	0  	0  	0	0	0	255	255	255	255	255		
11 	25 	0 	0 	0 	1 	0  	0  	0	0	0	255	255	255	255	255		
	

12 	21 	0 	0 	0 	1 	0 	0  	0	0	0	255	255	255	255	255	 	//Scroll of FireBurst
12 	22 	0 	0 	0 	1 	0 	0  	0	0	0	255	255	255	255	255	 	//Scroll of Summon
12 	23 	0 	0 	0 	1 	0 	0  	0	0	0	255	255	255	255	255	 	//Scroll of Critical Damage
12 	24 	0 	0 	0 	1 	0 	0  	0	0	0	255	255	255	255	255	 	//Scroll of Electric Spark
12 	35 	0 	0 	0 	1 	0  	0 	0	0	0	255	255	255	255	255		//Scroll of Fire Scream
12 	48 	0 	0 	0 	1 	0 	0  	0	0	0	255	255	255	255	255	 	//Scroll Of Birds
2 	8 	0	0 	1 	1 	0   0  	0	0	0	255	255	255	255	255		
2 	9 	0 	0 	1 	1 	0   0  	0	0	0	255	255	255	255	255		
6 	1 	0 	0 	1 	1 	0   0  	0	0	0	255	255	255	255	255	

end