// #############################################################################
// # SSeMU MU Online Emulator
// # https://www.ssemu.com.ar
// # https://www.facebook.com/ssemuemulator
// # https://www.youtube.com/@ssemu
// # ---------------------------------------------------------------------------
// # © 2024 SetecSoft Development
// # This file is part of the SSeMU MuOnline Server files.
// #############################################################################

// --------------------------------------------------------------------------------------------------------------------------------------------------------------------------------------------------------------------------------------------------------------------------------------------------------------------------------------------------------------------------------------------------------------------
//Index   Type   Name                                 Level   MaxLife   MaxMana   DamageMin   DamageMax   Defense   MagicDefense   AttackRate   DefenseRate   MoveRange   AttackType   AttackRange   ViewRange   MoveSpeed   AttackSpeed   RegenTime   Attribute   ItemRate   MoneyRate   MaxItemLevel   MonsterSkill   Resistance1   Resistance2   Resistance3   Resistance4   Resistance5   Resistance6   Resistance7
// --------------------------------------------------------------------------------------------------------------------------------------------------------------------------------------------------------------------------------------------------------------------------------------------------------------------------------------------------------------------------------------------------------------------
0         0      "Bull Fighter"                       6       100       0         16          20          6         0              28           6             3           0            1             5           400         1600          10          2           130        20          6              0              0             0             0             0             0             0             0
1         0      "Hound"                              9       140       0         22          27          9         0              39           9             3           0            1             5           400         1600          10          2           130        20          6              0              0             0             0             0             0             0             0
2         0      "Budge Dragon"                       4       60        0         10          13          3         0              18           3             3           0            1             4           400         2000          10          2           120        20          6              0              0             0             0             0             0             0             0
3         0      "Spider"                             2       30        0         4           7           1         0              8            1             2           0            1             5           400         1800          10          2           120        20          6              0              0             0             0             0             0             0             0
4         0      "Elite Bull Fighter"                 12      190       0         31          36          12        0              50           12            3           0            1             4           400         1400          10          2           140        24          6              0              0             0             0             0             0             0             0
5         0      "Hell Hound"                         38      1400      0         125         130         55        0              190          45            3           0            1             4           400         1200          10          2           190        28          6              0              1             1             1             3             0             0             0
6         0      "Lich"                               14      255       0         41          46          14        0              62           14            3           2            4             7           400         2000          10          2           150        24          6              0              0             0             0             1             0             0             0
7         0      "Giant"                              17      400       0         57          62          18        0              80           18            2           0            2             3           400         2200          10          2           150        24          6              0              0             0             0             0             0             0             0
8         0      "Poison Bull Fighter"                46      2500      0         145         150         75        0              230          61            3           1            1             5           400         1400          10          2           190        46          3              0              6             2             2             2             0             0             0
9         0      "Thunder Lich"                       44      2000      0         140         145         70        0              220          55            3           3            4             7           400         2200          10          2           190        28          3              0              2             2             3             2             0             0             0
10        0      "Dark Knight"                        48      3000      0         150         155         80        0              240          70            3           0            1             5           400         1400          10          2           200        28          3              0              3             3             3             5             0             0             0
11        0      "Ghost"                              32      1000      0         110         115         40        0              160          39            3           0            1             5           400         1400          10          2           190        46          6              0              2             2             2             2             0             0             0
12        0      "Larva"                              25      750       0         90          95          31        0              125          31            3           1            1             4           400         1800          10          2           200        28          6              0              2             0             0             0             0             0             0
13        0      "Hell Spider"                        40      1600      0         130         135         60        0              200          47            3           11           4             7           400         1600          10          2           190        28          6              0              3             1             1             1             0             0             0
14        0      "Skeleton"                           19      525       0         68          74          22        0              93           22            2           0            1             4           400         1400          10          2           160        24          6              0              0             0             0             0             0             0             0
15        0      "Skeleton Archer"                    34      1100      0         115         120         45        0              170          41            2           0            5             7           400         2000          10          2           190        28          6              0              1             1             1             1             0             0             0
16        0      "Chief Skeleton Warrior"             42      1800      0         135         140         65        0              210          49            2           0            1             4           400         1600          10          2           190        28          4              0              1             1             1             1             0             0             0
17        0      "Cyclops"                            28      850       0         100         105         35        0              140          35            3           0            1             4           400         1600          10          2           170        28          6              0              2             0             0             0             0             0             0
18        0      "Gorgon"                             55      6000      0         165         175         100       0              275          82            3           0            1             7           400         1600          150         2           160        28          3              0              6             6             6             6             0             0             0
19        0      "Yeti"                               30      900       0         105         110         37        0              150          37            2           17           4             6           400         2000          10          2           180        28          6              0              0             3             0             0             0             0             0
20        0      "Elite Yeti"                         36      1200      0         120         125         50        0              180          43            3           0            1             6           400         1400          10          2           180        46          6              0              1             4             1             1             0             0             0
21        0      "Assassin"                           26      800       0         95          100         33        0              130          33            2           0            1             7           400         2000          10          2           180        28          6              0              0             0             0             0             0             0             0
22        0      "Ice Monster"                        22      650       0         80          85          27        0              110          27            2           7            1             5           400         2000          10          2           170        28          6              0              0             3             0             0             0             0             0
23        0      "Hommerd"                            24      700       0         85          90          29        0              120          29            3           0            1             5           400         1600          10          2           170        28          6              0              0             3             0             0             0             0             0
24        0      "Worm"                               20      600       0         75          80          25        0              100          25            3           0            1             4           400         1600          10          2           160        28          6              0              0             2             0             0             0             0             0
25        0      "Ice Queen"                          52      4000      0         155         165         90        0              260          76            3           11           4             7           400         1400          50          2           180        28          3              0              4             5             4             4             0             0             0
26        0      "Goblin"                             3       45        0         7           10          2         0              13           2             2           0            1             4           400         1800          10          2           120        20          6              0              0             0             0             0             0             0             0
27        0      "Chain Scorpion"                     5       80        0         13          17          4         0              23           4             3           0            1             4           400         1800          10          2           120        20          6              0              0             0             0             0             0             0             0
28        0      "Beetle Monster"                     10      165       0         26          31          10        0              44           10            3           0            1             5           400         1600          10          2           140        20          6              0              0             0             0             0             0             0             0
29        0      "Hunter"                             13      220       0         36          41          13        0              56           13            3           0            4             4           400         1600          10          2           140        24          6              0              0             0             0             0             0             0             0
30        0      "Forest Monster"                     15      295       0         46          51          15        0              68           15            3           0            1             4           400         1600          10          2           150        24          6              0              0             0             0             0             0             0             0
31        0      "Agon"                               16      340       0         51          57          16        0              74           16            2           0            1             4           400         1400          10          2           150        24          6              0              0             0             0             0             0             0             0
32        0      "Stone Golem"                        18      465       0         62          68          20        0              86           20            2           0            2             3           400         2200          10          2           160        24          6              0              0             0             0             0             0             0             0
33        0      "Elite Goblin"                       8       120       0         19          23          8         0              33           8             3           0            1             5           400         1600          10          2           130        20          6              0              0             0             0             0             0             0             0
34        0      "Cursed Wizard"                      54      4000      0         160         170         95        0              270          80            3           2            4             7           400         2000          10          2           200        46          3              0              5             5             7             7             0             0             0
35        0      "Death Gorgon"                       64      6000      0         200         210         130       0              320          94            3           150          1             7           400         2000          10          2           180        46          3              0              6             6             6             8             0             0             0
36        0      "Shadow"                             47      2800      0         148         153         78        0              235          67            3           0            1             5           400         1400          10          2           200        28          3              0              3             3             3             5             0             0             0
37        0      "Devil"                              60      5000      0         180         195         115       0              300          88            3           3            4             7           400         2000          10          2           200        46          3              0              5             5             5             7             0             0             0
38        0      "Balrog"                             66      9000      0         220         240         160       0              330          99            3           150          2             7           400         1600          150         2           160        46          3              0              10            10            10            15            0             0             0
39        0      "Poison Shadow"                      50      3500      0         155         160         85        0              250          73            3           1            1             5           400         1400          10          2           200        46          3              0              6             4             4             6             0             0             0
40        0      "Death Knight"                       62      5500      0         190         200         120       0              310          91            3           0            1             7           400         1800          10          2           200        46          3              0              6             6             6             7             0             0             0
41        0      "Death Cow"                          57      4500      0         170         180         110       0              285          85            3           0            1             7           400         1600          10          2           200        46          3              0              5             5             5             7             0             0             0
42        0      "Red Dragon"                         47      5000      0         300         350         230       0              200          80            3           150          5             7           800         2000          28800       2           100        0           4              0              100           254           100           100           0             0             0
43        0      "Golden Budge Dragon"                15      2200      0         120         125         45        0              75           30            3           0            1             7           400         1400          600         2           10         20          0              0              2             2             2             2             0             0             0
44        0      "Dragon"                             60      15000     0         190         210         120       0              300          88            3           150          2             7           400         1800          100         2           50         20          0              0              9             7             9             9             0             0             0
45        0      "Bahamut"                            43      2400      0         130         140         65        0              215          52            2           0            1             4           400         1600          8           2           185        28          3              0              1             1             1             1             0             0             0
46        0      "Vepar"                              45      2800      0         135         145         70        0              225          58            3           17           4             7           400         1600          8           2           185        28          3              0              2             2             3             2             0             0             0
47        0      "Valkyrie"                           46      3200      0         140         150         75        0              230          64            3           0            5             7           400         1800          8           2           185        28          3              0              6             2             2             2             0             0             0
48        0      "Lizard King"                        70      9000      0         240         270         180       0              350          115           3           3            3             7           400         1600          15          2           175        46          3              0              7             7             7             7             0             0             0
49        0      "Hydra"                              74      19000     0         250         310         200       0              430          125           3           150          4             7           400         1400          150         2           175        46          3              0              12            12            12            12            0             0             0
51        0      "Great Bahamut"                      66      7000      0         210         230         150       0              330          98            3           0            2             7           400         1600          15          2           175        46          3              0              6             6             6             6             0             0             0
52        0      "Silver Valkyrie"                    68      8000      0         230         260         170       0              340          110           3           7            4             7           400         1600          15          2           175        46          3              0              7             7             7             7             0             0             0
53        0      "Golden Titan"                       53      8000      0         170         180         105       0              265          77            3           150          3             7           400         2000          20          2           200        28          3              0              5             5             5             5             0             0             0
54        0      "Golden Soldier"                     46      3500      0         140         150         75        0              230          64            3           0            5             7           400         1800          20          2           200        28          3              0              3             3             3             3             0             0             0
55        0      "Death King"                         88      30000     0         430         500         120       0              150          37            2           0            2             6           400         1800          120         2           110        28          3              0              2             2             2             2             0             0             0
56        0      "Death Bone"                         24      700       0         85          90          29        0              120          29            3           0            1             5           400         1600          20          2           200        28          4              0              1             1             1             1             0             0             0
57        0      "Iron Wheel"                         80      17000     0         280         330         215       0              446          150           3           0            4             7           400         1400          10          2           160        100         3              0              9             9             9             9             0             0             0
58        0      "Tantalos"                           83      22000     0         335         385         250       0              500          175           3           150          2             7           400         1400          20          2           160        100         3              0              9             9             9             9             0             0             0
59        0      "Zaikan"                             90      34000     0         510         590         400       0              550          185           3           150          5             7           400         1400          150         2           160        100         3              0              13            13            13            15            0             0             0
60        0      "Bloody wolf"                        76      13500     0         260         300         200       0              410          130           3           0            2             7           400         1400          10          2           170        100         3              0              8             8             8             8             0             0             0
61        0      "Beam Knight"                        84      25000     0         375         425         275       0              530          190           3           17           4             7           400         1400          20          2           160        100         3              0              10            10            10            10            0             0             0
62        0      "Mutant"                             72      10000     0         250         280         190       0              365          120           3           0            1             7           400         1400          10          2           170        100         3              0              8             8             8             8             0             0             0
63        0      "Death Beam Knight"                  93      40000     0         590         650         420       0              575          220           3           150          5             7           400         1400          150         2           130        100         3              0              13            13            13            17            0             0             0
64        0      "Ogre archer"                        70      10000     0         220         250         170       0              350          115           3           0            4             7           400         1600          10          2           200        28          3              0              7             7             7             7             0             0             0
65        0      "Elite Ogre"                         74      14000     0         260         290         190       0              400          125           3           150          1             7           400         2000          100         2           180        28          3              0              8             8             8             8             0             0             0
66        0      "Cursed king"                        86      38000     0         500         570         350       0              525          200           3           150          4             7           400         1400          70          2           200        60          3              0              17            17            17            17            0             0             0
67        0      "Metal Balrog"                       77      26000     0         300         360         220       0              385          150           3           150          2             7           400         1600          200         2           160        28          3              0              9             9             9             9             0             0             0
69        0      "Alquamos"                           75      11500     0         255         290         195       0              385          125           3           17           5             5           400         1400          10          2           160        46          3              0              9             9             11            9             0             0             0
70        0      "Queen Rainier"                      82      19000     0         305         350         230       0              475          160           3           17           3             5           400         1400          10          2           160        46          3              0              9             11            12            9             0             0             0
71        0      "Mega Crust"                         78      15000     0         270         320         210       0              430          140           3           0            1             5           400         1400          10          2           160        46          3              0              9             9             12            9             0             0             0
72        0      "Phantom Knight"                     96      41000     0         560         610         425       0              690          270           3           150          2             5           400         1400          30          2           150        46          3              0              14            14            16            14            0             0             0
73        0      "Drakan"                             86      29000     0         425         480         305       0              570          210           3           150          5             5           400         1400          20          2           160        46          3              0              12            12            13            12            0             0             0
74        0      "Alpha Crust"                        92      34500     0         489         540         360       0              620          240           3           0            1             5           400         1400          10          2           160        46          3              0              13            13            14            13            0             0             0
75        0      "Great Drakan"                       100     50000     0         650         700         495       0              800          305           3           150          5             5           400         1400          30          2           140        46          3              0              15            15            17            18            0             0             0
76        0      "Phoenix Darkness shield"            106     73000     0         850         960         580       0              840          305           3           3            3             5           400         1400          10          2           190        28          3              0              30            30            35            30            0             0             0
77        0      "Phoenix of Darkness"                108     95000     0         950         1000        600       0              900          350           1           150          6             7           400         1500          150         2           120        46          4              0              30            30            35            30            0             0             0
78        0      "Golden Goblin"                      30      3100      0         125         130         50        0              100          30            3           0            1             7           400         1400          600         2           10         20          0              0              2             2             2             2             0             0             0
79        0      "Golden Derkon"                      70      15000     0         300         350         230       0              400          90            3           150          2             7           400         1800          5           2           50         20          0              0              9             7             9             9             0             0             0
80        0      "Golden Lizard King"                 93      25000     0         310         360         240       0              415          150           3           3            3             7           400         1600          15          2           175        28          3              0              9             7             9             9             0             0             0
81        0      "Golden Vepar"                       71      6300      0         190         200         110       0              310          90            3           17           4             7           400         1600          8           2           185        28          3              0              0             0             3             0             0             0             0
82        0      "Golden Tantalos"                    100     30000     0         450         560         300       0              450          185           3           150          2             7           400         1400          70          2           180        60          3              0              9             7             9             9             0             0             0
83        0      "Golden Wheel"                       87      50000     0         320         360         230       0              385          160           3           0            4             7           400         1400          70          2           180        60          3              0              9             7             9             9             0             0             0
84        0      "Chief Skeleton Warrior"             33      1100      0         100         120         55        0              190          45            3           0            1             3           400         2000          10          2           300        400         3              0              4             4             4             4             0             0             0
85        0      "Chief Skeleton Archer"              37      1400      0         110         130         65        0              210          49            3           0            5             7           400         1600          10          2           300        400         3              0              4             4             4             4             0             0             0
86        0      "Dark Skull Soldier"                 41      1700      0         120         140         75        0              230          61            3           0            1             3           400         2000          10          2           250        300         3              0              4             4             4             4             0             0             0
87        0      "Giant Ogre"                         44      2100      0         130         150         85        0              250          73            3           17           5             7           400         1600          10          2           250        300         3              0              4             4             4             4             0             0             0
88        0      "Red Skeleton Knight"                47      2800      0         140         160         95        0              270          77            3           0            1             3           400         2000          10          2           200        200         3              0              4             4             4             4             0             0             0
89        0      "Magic Skeleton"                     51      3700      0         150         180         115       0              300          88            4           150          4             6           400         1800          10          2           150        100         4              0              7             7             7             7             0             0             0
90        0      "Chief Skeleton Warrior"             49      3500      0         140         170         90        0              250          76            3           0            1             3           400         2000          10          2           300        400         3              0              5             5             5             5             0             0             0
91        0      "Chief Skeleton Archer"              53      4100      0         150         180         100       0              275          80            3           0            5             7           400         1600          10          2           300        400         3              0              5             5             5             5             0             0             0
92        0      "Dark Skull Soldier"                 56      5000      0         160         190         115       0              300          88            3           0            1             3           400         2000          10          2           250        300         3              0              5             5             5             5             0             0             0
93        0      "Giant Ogre"                         60      6000      0         175         210         130       0              320          95            3           17           5             7           400         1600          10          2           250        300         3              0              5             5             5             5             0             0             0
94        0      "Red Skeleton Knight"                64      7000      0         185         220         170       0              360          110           3           0            1             3           400         2000          10          2           200        200         3              0              5             5             5             5             0             0             0
95        0      "Magic Skeleton"                     69      8000      0         200         240         190       0              400          130           4           150          4             6           400         1800          10          2           150        100         4              0              8             8             8             8             0             0             0
96        0      "Chief Skeleton Warrior"             56      5000      0         160         180         110       0              300          85            3           0            1             3           400         2000          10          2           300        400         3              0              6             6             6             6             0             0             0
97        0      "Chief Skeleton Archer"              61      6500      0         180         200         120       0              330          93            3           0            5             7           400         1600          10          2           300        400         3              0              6             6             6             6             0             0             0
98        0      "Dark Skull Soldier"                 66      8000      0         190         220         150       0              360          98            3           0            1             3           400         2000          10          2           250        300         3              0              6             6             6             6             0             0             0
99        0      "Giant Ogre"                         74      9500      0         210         240         180       0              400          115           3           17           5             7           400         1600          10          2           250        300         3              0              6             6             6             6             0             0             0
100       0      "Lance"                              80      1000      0         100         110         0         0              400          500           0           0            4             1           500         1000          3           1           200        20          0              0              0             0             0             0             0             0             0
101       0      "Iron Stick"                         80      1000      0         110         130         0         0              400          500           0           0            0             1           500         1000          3           1           200        20          0              0              0             0             0             0             0             0             0
102       0      "Fire"                               80      1000      0         130         150         0         0              400          500           0           0            2             1           500         1000          3           1           200        20          0              0              0             0             0             0             0             0             0
103       0      "Meteorite"                          90      1000      0         160         190         0         0              450          500           0           50           0             1           500         1000          3           1           200        20          0              0              0             0             0             0             0             0             0
111       0      "Red Skeleton Knight"                74      12000     0         220         260         190       0              440          130           3           0            1             3           400         2000          10          2           200        200         3              0              6             6             6             6             0             0             0
112       0      "Magic Skeleton"                     79      15000     0         230         280         240       0              500          180           4           150          4             6           400         1800          10          2           150        100         4              0              9             9             9             9             0             0             0
113       0      "Chief Skeleton Warrior"             64      7500      0         180         220         150       0              340          98            3           0            1             3           400         2000          10          2           300        400         3              0              7             7             7             7             0             0             0
114       0      "Chief Skeleton Archer"              69      9500      0         200         240         170       0              380          110           3           0            5             7           400         1600          10          2           300        400         3              0              7             7             7             7             0             0             0
115       0      "Dark Skull Soldier"                 75      12000     0         220         260         190       0              440          130           3           0            1             3           400         2000          10          2           250        300         3              0              7             7             7             7             0             0             0
116       0      "Giant Ogre"                         79      15000     0         250         290         210       0              500          150           3           17           5             7           400         1600          10          2           250        300         3              0              7             7             7             7             0             0             0
117       0      "Red Skeleton Knight"                82      18000     0         270         320         290       0              560          170           3           0            1             3           400         2000          10          2           200        200         3              0              7             7             7             7             0             0             0
118       0      "Magic Skeleton"                     84      24000     0         300         350         360       0              640          200           4           150          4             6           400         1800          10          2           150        100         4              0              10            10            10            10            0             0             0
119       0      "Chief Skeleton Warrior"             70      12000     0         210         270         185       0              380          125           3           0            1             3           400         2000          10          2           300        400         3              0              8             8             8             8             0             0             0
120       0      "Chief Skeleton Archer"              75      15000     0         240         300         190       0              420          130           3           0            5             7           400         1600          10          2           300        400         3              0              8             8             8             8             0             0             0
121       0      "Dark Skull Soldier"                 80      19000     0         280         340         220       0              470          175           3           0            1             3           400         2000          10          2           250        300         3              0              8             8             8             8             0             0             0
122       0      "Giant Ogre"                         85      23000     0         340         390         300       0              520          190           3           17           5             7           400         1600          10          2           250        300         3              0              8             8             8             8             0             0             0
123       0      "Red Skeleton Knight"                87      26000     0         370         410         400       0              650          200           3           0            1             3           400         2000          10          2           200        200         3              0              8             8             8             8             0             0             0
124       0      "Magic Skeleton"                     90      32000     0         400         460         450       0              720          260           4           150          4             6           400         1800          10          2           150        100         4              0              11            11            11            11            0             0             0
125       0      "Chief Skeleton Warrior"             76      17000     0         260         290         210       0              460          150           3           0            1             3           400         2000          10          2           300        400         3              0              8             8             8             8             0             0             0
126       0      "Chief Skeleton Archer"              81      20000     0         320         350         270       0              520          160           3           0            5             7           400         1600          10          2           300        400         3              0              8             8             8             8             0             0             0
127       0      "Dark Skull Soldier"                 86      25000     0         390         420         360       0              580          195           3           0            1             3           400         2000          10          2           250        300         3              0              8             8             8             8             0             0             0
128       0      "Giant Ogre"                         90      32000     0         440         500         400       0              660          230           3           17           5             7           400         1600          10          2           250        300         3              0              8             8             8             8             0             0             0
129       0      "Red Skeleton Knight"                94      38000     0         480         540         450       0              720          260           3           0            1             3           400         2000          10          2           200        200         3              0              8             8             8             8             0             0             0
130       0      "Magic Skeleton"                     99      47000     0         530         580         500       0              840          280           4           150          4             6           400         1800          10          2           150        100         4              0              11            11            11            11            0             0             0
131       0      "Castle Gate"                        2       2000      0         0           0           0         0              0            1             0           0            0             0           0           0             0           0           0          0           0              0              100           100           100           100           0             0             0
132       0      "Statue of Saint"                    2       3000      0         0           0           0         0              0            1             0           0            0             0           0           0             0           0           0          0           0              0              100           100           100           100           0             0             0
133       0      "Statue of Saint"                    2       3000      0         0           0           0         0              0            1             0           0            0             0           0           0             0           0           0          0           0              0              100           100           100           100           0             0             0
134       0      "Statue of Saint"                    2       3000      0         0           0           0         0              0            1             0           0            0             0           0           0             0           0           0          0           0              0              100           100           100           100           0             0             0
135       0      "White wizard"                       87      26000     0         370         410         400       0              550          200           4           3            5             6           400         2200          10          2           150        100         4              0              15            15            20            15            0             0             0
136       0      "Destructive ogre soldier"           70      9500      0         210         240         180       0              400          125           3           0            1             3           400         1500          10          2           300        400         3              0              7             7             7             7             0             0             0
137       0      "Destructive ogre archer"            74      12000     0         220         260         190       0              440          130           3           0            5             5           400         1800          10          2           300        400         3              0              8             8             8             8             0             0             0
138       0      "Chief Skeleton Warrior"             85      23000     0         340         390         340       0              520          190           3           0            1             3           400         2000          10          2           300        400         3              0              8             8             8             8             0             0             0
139       0      "Chief Skeleton Archer"              87      26000     0         390         430         380       0              590          200           3           0            5             7           400         1600          10          2           300        400         3              0              8             8             8             8             0             0             0
140       0      "Dark Skull Soldier"                 90      32000     0         430         480         400       0              660          230           3           0            1             3           400         2000          10          2           250        300         3              0              8             8             8             8             0             0             0
141       0      "Giant Ogre"                         93      37000     0         470         520         440       0              730          250           3           17           5             7           400         1600          10          2           250        300         3              0              8             8             8             8             0             0             0
142       0      "Red Skeleton Knight"                98      45000     0         510         560         490       0              800          270           3           0            1             3           400         2000          10          2           200        200         3              0              8             8             8             8             0             0             0
143       0      "Magic Skeleton"                     102     55000     0         560         600         550       0              870          310           4           150          4             6           400         1800          10          2           150        100         4              0              11            11            11            11            0             0             0
144       0      "Death Angel"                        24      740       0         80          87          30        0              100          24            3           17           6             7           500         1500          10          2           160        0           3              0              11            11            11            11            0             0             0
145       0      "Death Centurion"                    33      1250      0         110         117         50        0              145          39            3           17           6             7           500         1500          10          2           160        0           3              0              13            13            13            13            0             0             0
146       0      "Blood Soldier"                      21      600       0         70          77          25        0              88           20            3           17           6             7           500         1500          10          2           180        0           3              0              10            10            10            10            0             0             0
147       0      "Aegis"                              17      440       0         55          62          17        0              75           17            3           17           1             7           500         1500          10          2           180        0           3              0              8             8             8             8             0             0             0
148       0      "Rogue Centurion"                    19      500       0         60          67          20        0              80           18            3           17           2             5           500         1500          10          2           180        0           3              0              9             9             9             9             0             0             0
149       0      "Necron"                             28      900       0         95          102         38        0              118          30            3           17           2             5           500         1500          10          2           160        0           3              0              12            12            12            12            0             0             0
150       0      "Bali"                               52      5000      0         165         170         100       0              260          75            3           0            1             7           400         1600          100         2           160        20          3              0              6             6             6             6             0             0             0
151       0      "Soldier"                            58      4000      0         175         180         110       0              290          86            3           0            4             7           400         1600          100         2           160        20          3              0              6             6             6             6             0             0             0
152       0      "Magic stone of %s "                 10      50        0         0           0           0         0              0            0             0           0            0             0           0           0             0           2           0          0           0              0              0             0             0             0             0             0             0
153       0      "Magic stone of %s "                 10      50        0         0           0           0         0              0            0             0           0            0             0           0           0             0           2           0          0           0              0              0             0             0             0             0             0             0
154       0      "Magic stone of %s "                 10      50        0         0           0           0         0              0            0             0           0            0             0           0           0             0           2           0          0           0              0              0             0             0             0             0             0             0
155       0      "Magic stone of %s "                 10      50        0         0           0           0         0              0            0             0           0            0             0           0           0             0           2           0          0           0              0              0             0             0             0             0             0             0
156       0      "Magic stone of %s "                 10      50        0         0           0           0         0              0            0             0           0            0             0           0           0             0           2           0          0           0              0              0             0             0             0             0             0             0
157       0      "Magic stone of %s "                 10      50        0         0           0           0         0              0            0             0           0            0             0           0           0             0           2           0          0           0              0              0             0             0             0             0             0             0
160       0      "Schriker"                           40      1800      0         130         137         66        0              180          50            3           17           6             7           500         1600          10          2           160        0           4              0              14            14            14            14            0             0             0
161       0      "Illusion of Kundun"                 52      3000      0         165         172         90        0              255          70            3           150          10            7           800         1700          10800       2           140        0           4              0              30            30            30            30            0             0             0
162       0      "Chaos Castle 1"                     30      700       0         70          90          30        0              160          20            50          0            1             7           400         2000          10          2           300        400         3              0              2             2             2             2             0             0             0
163       0      "Chaos Castle 2"                     32      800       0         80          100         40        0              180          30            50          17           6             7           400         1600          10          2           300        400         3              0              2             2             2             2             0             0             0
164       0      "Chaos Castle 3"                     40      1600      0         132         135         75        0              225          60            50          0            1             7           400         2000          10          2           300        400         3              0              4             4             4             4             0             0             0
165       0      "Chaos Castle 4"                     45      2700      0         150         150         90        0              250          70            50          17           6             7           400         1600          10          2           300        400         3              0              4             4             4             4             0             0             0
166       0      "Chaos Castle 5"                     54      4000      0         168         165         105       0              270          80            50          0            1             7           400         2000          10          2           300        400         3              0              5             5             5             5             0             0             0
167       0      "Chaos Castle 6"                     60      5000      0         180         180         120       0              290          90            50          17           6             7           400         1600          10          2           300        400         3              0              5             5             5             5             0             0             0
168       0      "Chaos Castle 7"                     65      6500      0         185         210         145       0              320          110           50          0            1             7           400         2000          10          2           300        400         3              0              6             6             6             6             0             0             0
169       0      "Chaos Castle 8"                     68      8000      0         205         230         160       0              350          120           50          17           6             7           400         1600          10          2           300        400         3              0              6             6             6             6             0             0             0
170       0      "Chaos Castle 9"                     70      10000     0         215         240         170       0              370          120           50          0            1             7           400         2000          10          2           300        400         3              0              7             7             7             7             0             0             0
171       0      "Chaos Castle 10"                    75      12500     0         235         260         190       0              400          130           50          17           6             7           400         1600          10          2           300        400         3              0              7             7             7             7             0             0             0
172       0      "Chaos Castle 11"                    76      15000     0         255         280         215       0              430          140           50          0            1             7           400         2000          10          2           300        400         3              0              7             7             7             7             0             0             0
173       0      "Chaos Castle 12"                    80      18000     0         280         300         240       0              470          150           50          17           6             7           400         1600          10          2           300        400         3              0              7             7             7             7             0             0             0
174       0      "Death Angel"                        40      1800      0         130         137         57        0              182          45            3           17           6             7           500         1500          10          2           160        0           3              0              14            14            14            14            0             0             0
175       0      "Death Centurion"                    48      3000      0         155         162         81        0              235          58            3           17           6             7           500         1500          10          2           160        0           3              0              16            16            16            16            0             0             0
176       0      "Blood Soldier"                      37      1400      0         120         127         50        0              163          40            3           17           6             7           500         1500          10          2           180        0           3              0              13            13            13            13            0             0             0
177       0      "Aegis"                              32      1000      0         105         112         42        0              135          33            3           17           1             7           500         1500          10          2           180        0           3              0              11            11            11            11            0             0             0
178       0      "Rogue Centurion"                    34      1200      0         112         119         45        0              147          36            3           17           2             5           500         1500          10          2           180        0           3              0              12            12            12            12            0             0             0
179       0      "Necron"                             44      2300      0         140         147         68        0              205          50            3           17           2             5           500         1500          10          2           160        0           3              0              15            15            15            15            0             0             0
180       0      "Schriker"                           53      3900      0         180         187         100       0              275          67            3           17           6             7           500         1600          10          2           160        0           4              0              17            17            17            17            0             0             0
181       0      "Illusion of Kundun"                 65      6000      0         220         227         140       0              355          100           3           150          10            7           800         1700          10800       2           140        0           4              0              35            35            35            35            0             0             0
182       0      "Death Angel"                        53      4400      0         175         185         105       0              273          67            3           17           6             7           500         1500          10          2           150        0           3              0              17            17            17            17            0             0             0
183       0      "Death Centurion"                    63      6600      0         225         235         150       0              325          92            3           17           6             7           500         1500          10          2           150        0           3              0              19            19            19            19            0             0             0
184       0      "Blood Soldier"                      50      3650      0         160         170         90        0              250          60            3           17           6             7           500         1500          10          2           170        0           3              0              16            16            16            16            0             0             0
185       0      "Aegis"                              46      2700      0         145         155         73        0              220          54            3           17           1             7           500         1500          10          2           170        0           3              0              14            14            14            14            0             0             0
186       0      "Rogue Centurion"                    48      3100      0         152         162         80        0              232          56            3           17           2             5           500         1500          10          2           170        0           3              0              15            15            15            15            0             0             0
187       0      "Necron"                             58      5300      0         195         205         126       0              296          77            3           17           2             5           500         1500          10          2           150        0           3              0              18            18            18            18            0             0             0
188       0      "Schriker"                           69      8400      0         260         270         180       0              365          110           3           17           6             7           500         1600          10          2           150        0           4              0              20            20            20            20            0             0             0
189       0      "Illusion of Kundun"                 81      14000     0         350         360         255       0              460          160           3           150          10            7           800         1700          10800       2           130        0           4              0              40            40            40            40            0             0             0
190       0      "Death Angel"                        74      12000     0         270         295         185       0              397          120           3           17           6             7           500         1500          10          2           140        0           3              0              20            20            20            20            0             0             0
191       0      "Death Centurion"                    83      22500     0         350         375         255       0              500          175           3           17           6             7           500         1500          10          2           140        0           3              0              22            22            22            22            0             0             0
192       0      "Blood Soldier"                      70      8800      0         245         265         165       0              360          105           3           17           6             7           500         1500          10          2           160        0           3              0              19            19            19            19            0             0             0
193       0      "Aegis"                              62      6000      0         215         235         140       0              310          87            3           17           1             7           500         1500          10          2           160        0           3              0              17            17            17            17            0             0             0
194       0      "Rogue Centurion"                    66      6900      0         230         250         150       0              330          95            3           17           2             5           500         1500          10          2           160        0           3              0              18            18            18            18            0             0             0
195       0      "Necron"                             78      16000     0         305         330         215       0              440          145           3           17           2             5           500         1500          10          2           140        0           3              0              21            21            21            21            0             0             0
196       0      "Schriker"                           88      30000     0         410         435         300       0              575          215           3           17           6             7           500         1600          10          2           140        0           4              0              23            23            23            23            0             0             0
197       0      "Illusion of Kundun"                 100     50000     0         600         625         500       0              780          295           3           150          10            7           800         1700          10800       2           120        0           4              0              45            45            45            45            0             0             0
200       0      "Soccer Ball"                        12      1000      0         150         200         0         0              60           500           0           0            4             1           500         1000          3           1           200        20          0              0              0             0             0             0             0             0             0
226       1      "Trainer"                            2       50        0         15          30          70        20             10           30            0           0            0             5           400         1500          10          0           200        10          0              0              0             0             0             0             0             0             0
229       1      "Marlon"                             2       50        0         15          30          70        20             10           30            0           0            0             5           400         1500          10          0           200        10          0              0              0             0             0             0             0             0             0
230       1      "Wandering Merchant Alex"            2       50        0         15          30          70        20             10           30            0           0            0             5           400         1500          10          0           200        10          0              0              0             0             0             0             0             0             0
231       1      "Thompson Kenel"                     2       50        0         15          30          70        20             10           30            0           0            0             5           400         1500          10          0           200        10          0              0              0             0             0             0             0             0             0
232       1      "Archangel"                          2       50        0         15          30          70        20             10           30            0           0            0             5           400         1500          10          0           200        10          0              0              0             0             0             0             0             0             0
233       1      "Messenger of Archangel"             2       50        0         15          30          70        20             10           30            0           0            0             5           400         1500          10          0           200        10          0              0              0             0             0             0             0             0             0
234       1      "Pet Trainer"                        2       50        0         15          30          70        20             10           30            0           0            0             5           400         1500          10          0           200        10          0              0              0             0             0             0             0             0             0
235       1      "Sebina the Priest"                  2       50        0         15          30          70        20             10           30            0           0            0             5           400         1500          10          0           200        10          0              0              0             0             0             0             0             0             0
236       1      "Golden Archer"                      2       50        0         15          30          70        20             10           30            0           0            0             5           400         1500          10          0           200        10          0              0              0             0             0             0             0             0             0
237       1      "Charon"                             2       50        0         15          30          70        20             10           30            0           0            0             5           400         1500          10          0           200        10          0              0              0             0             0             0             0             0             0
238       1      "Chaos Goblin"                       2       50        0         15          30          70        20             10           30            0           0            0             5           400         1500          10          0           200        10          0              0              0             0             0             0             0             0             0
239       1      "Arena Guard"                        2       50        0         15          30          70        20             10           30            0           0            0             5           400         1500          10          0           200        10          0              0              0             0             0             0             0             0             0
240       1      "Safety Guardian"                    2       50        0         15          30          70        20             10           30            0           0            0             5           400         1500          10          0           200        10          0              0              0             0             0             0             0             0             0
241       1      "Royal Guard Captain Lorence"        2       50        0         15          30          70        20             10           30            0           0            0             5           400         1500          10          0           200        10          0              0              0             0             0             0             0             0             0
242       1      "Elf Lala"                           2       50        0         15          30          70        20             10           30            0           0            0             5           400         1500          10          0           200        10          0              0              0             0             0             0             0             0             0
243       1      "Eo the Craftsman"                   2       50        0         15          30          70        20             10           30            0           0            0             5           400         1500          10          0           200        10          0              0              0             0             0             0             0             0             0
244       1      "Caren the Barmaid"                  2       50        0         15          30          70        20             10           30            0           0            0             5           400         1500          10          0           200        10          0              0              0             0             0             0             0             0             0
245       1      "Wizard Izabel"                      2       50        0         15          30          70        20             10           30            0           0            0             5           400         1500          10          0           200        10          0              0              0             0             0             0             0             0             0
246       1      "Weapons Merchant Zienna"            20      1000      0         15          30          70        0              100          30            0           0            0             5           400         1500          10          0           200        10          0              0              0             0             0             0             0             0             0
247       1      "Guard"                              90      10000     0         180         195         70        20             300          100           5           0            2             2           400         1500          10          1           200        10          0              0              0             0             0             0             0             0             0
248       1      "Wandering Merchant Martin"          20      1000      0         15          30          70        0              100          30            0           0            0             5           400         1500          10          0           200        10          0              0              0             0             0             0             0             0             0
249       1      "Guard"                              90      10000     0         180         195         70        20             300          100           5           0            5             5           400         1500          10          1           200        10          0              0              0             0             0             0             0             0             0
250       1      "Wandering Merchant"                 20      1000      0         15          30          70        20             100          30            0           0            0             5           400         1000          10          0           200        10          0              0              0             0             0             0             0             0             0
251       1      "Hanzo the Blacksmith"               20      1000      0         15          30          70        20             100          30            0           0            0             5           400         1500          10          0           200        10          0              0              0             0             0             0             0             0             0
253       1      "Potion Girl Amy"                    2       50        0         15          30          70        20             10           30            0           0            0             5           400         1500          10          0           200        10          0              0              0             0             0             0             0             0             0
254       1      "Pasi the Mage"                      2       50        0         15          30          70        20             10           30            0           0            0             5           400         1500          10          0           200        10          0              0              0             0             0             0             0             0             0
255       1      "Lumen the Barmaid"                  2       50        0         15          30          70        20             10           30            0           0            0             5           400         1500          10          0           200        10          0              0              0             0             0             0             0             0             0
260       0      "Death Angel"                        88      31000     0         408         443         315       0              587          195           3           17           6             7           500         1500          10          2           135        0           3              0              23            23            23            23            0             0             0
261       0      "Death Centurion"                    98      48000     0         546         581         430       0              715          250           3           17           6             7           500         1500          10          2           135        0           3              0              25            25            25            25            0             0             0
262       0      "Blood Soldier"                      85      26000     0         365         395         280       0              540          177           3           17           6             7           500         1500          10          2           155        0           3              0              22            22            22            22            0             0             0
263       0      "Aegis"                              79      18000     0         310         340         230       0              460          163           3           17           1             7           500         1500          10          2           155        0           3              0              20            20            20            20            0             0             0
264       0      "Rogue Centurion"                    82      21000     0         335         365         250       0              490          168           3           17           2             5           500         1500          10          2           155        0           3              0              21            21            21            21            0             0             0
265       0      "Necron"                             93      38500     0         470         505         370       0              645          220           3           17           2             5           500         1500          10          2           135        0           3              0              24            24            24            24            0             0             0
266       0      "Schriker"                           105     60000     0         640         675         515       0              810          290           3           17           6             7           500         1600          10          2           135        0           4              0              26            26            26            26            0             0             0
267       0      "Illusion of Kundun"                 117     100000    0         835         870         680       0              1000         360           3           150          10            7           800         1700          10800       2           110        0           4              0              50            50            50            50            0             0             0
268       0      "Death Angel"                        105     65000     0         610         645         500       0              760          275           3           17           6             7           500         1500          10          2           130        0           3              0              26            26            26            26            0             0             0
269       0      "Death Centurion"                    114     87500     0         753         788         620       0              900          335           3           17           6             7           500         1500          10          2           130        0           3              0              28            28            28            28            0             0             0
270       0      "Blood Soldier"                      101     56000     0         570         600         460       0              713          255           3           17           6             7           500         1500          10          2           150        0           3              0              25            25            25            25            0             0             0
271       0      "Aegis"                              95      42000     0         520         550         410       0              655          230           3           17           1             7           500         1500          10          2           150        0           3              0              23            23            23            23            0             0             0
272       0      "Rogue Centurion"                    98      48500     0         540         570         432       0              680          240           3           17           2             5           500         1500          10          2           150        0           3              0              24            24            24            24            0             0             0
273       0      "Necron"                             109     75500     0         672         707         550       0              820          303           3           17           2             5           500         1500          10          2           130        0           3              0              27            27            27            27            0             0             0
274       0      "Schriker"                           119     105000    0         850         885         710       0              1000         370           3           17           6             7           500         1600          10          2           130        0           4              0              29            29            29            29            0             0             0
275       0      "Kundun"                             147     5000000   0         2000        2500        1500      0              2000         1000          3           150          15            10          800         2000          43200       2           100        0           4              0              100           254           100           100           0             0             0
end